5.355732421875000000e+04 1.333865928649902344e+01 5.216124653816223145e-02
5.355732812500000000e+04 1.333948898315429688e+01 5.216318368911743164e-02
5.355733593750000000e+04 1.334217739105224609e+01 5.217894539237022400e-02
5.355733984375000000e+04 1.332458782196044922e+01 5.213487893342971802e-02
5.356224609375000000e+04 1.351064872741699219e+01 5.245687440037727356e-02
5.356225390625000000e+04 1.349693965911865234e+01 5.243575200438499451e-02
5.356226171875000000e+04 1.350037860870361328e+01 5.243913456797599792e-02
5.356226562500000000e+04 1.347554302215576172e+01 5.239259451627731323e-02
5.352630859375000000e+04 1.370975971221923828e+01 5.293176695704460144e-02
5.352632031250000000e+04 1.368649959564208984e+01 5.287095159292221069e-02
5.352632812500000000e+04 1.367261695861816406e+01 5.284370109438896179e-02
5.352633984375000000e+04 1.366881275177001953e+01 5.283329263329505920e-02
5.353431640625000000e+04 1.404190254211425781e+01 5.384359136223793030e-02
5.353432812500000000e+04 1.407808780670166016e+01 5.395563319325447083e-02
5.353433593750000000e+04 1.408765125274658203e+01 5.398535355925559998e-02
5.353434375000000000e+04 1.410079002380371094e+01 5.404035747051239014e-02
5.354925390625000000e+04 1.314721107482910156e+01 5.189500004053115845e-02
5.354926171875000000e+04 1.314591884613037109e+01 5.187568068504333496e-02
5.354926562500000000e+04 1.312020683288574219e+01 5.182665213942527771e-02
5.354927343750000000e+04 1.313453006744384766e+01 5.185230448842048645e-02
5.368605859375000000e+04 1.374901485443115234e+01 5.459351465106010437e-02
5.368606250000000000e+04 1.374839019775390625e+01 5.464494973421096802e-02
5.368606640625000000e+04 1.374907493591308594e+01 5.467398837208747864e-02
5.368607031250000000e+04 1.375317287445068359e+01 5.471500381827354431e-02
5.364413281250000000e+04 1.329840373992919922e+01 5.228171125054359436e-02
5.364414062500000000e+04 1.329755401611328125e+01 5.228054895997047424e-02
5.364414843750000000e+04 1.332899665832519531e+01 5.235268175601959229e-02
5.364415234375000000e+04 1.331841564178466797e+01 5.234476923942565918e-02
5.365711718750000000e+04 1.423783397674560547e+01 5.535869300365447998e-02
5.365712109375000000e+04 1.421728801727294922e+01 5.530744045972824097e-02
5.365712890625000000e+04 1.449387073516845703e+01 5.779242515563964844e-02
5.365713671875000000e+04 1.415802860260009766e+01 5.513755604624748230e-02
5.367307812500000000e+04 1.311688041687011719e+01 5.180651694536209106e-02
5.367308203125000000e+04 1.312099456787109375e+01 5.181579291820526123e-02
5.367308593750000000e+04 1.310993576049804688e+01 5.181429535150527954e-02
5.367308984375000000e+04 1.312345314025878906e+01 5.184188485145568848e-02
5.362714843750000000e+04 1.327093696594238281e+01 5.262383446097373962e-02
5.362715625000000000e+04 1.327573680877685547e+01 5.263394862413406372e-02
5.362716406250000000e+04 1.329118919372558594e+01 5.268047377467155457e-02
5.362716796875000000e+04 1.326896286010742188e+01 5.263482406735420227e-02
5.385142968750000000e+04 1.316149997711181641e+01 5.186212062835693359e-02
5.385143750000000000e+04 1.313778686523437500e+01 5.181794986128807068e-02
5.385144531250000000e+04 1.315757083892822266e+01 5.185309424996376038e-02
5.385144921875000000e+04 1.315868473052978516e+01 5.185920372605323792e-02
5.390031640625000000e+04 1.395055007934570312e+01 6.770850718021392822e-02
5.390031640625000000e+04 1.394837379455566406e+01 6.779078394174575806e-02
5.390031640625000000e+04 1.393925476074218750e+01 6.760306656360626221e-02
5.390032031250000000e+04 1.393307304382324219e+01 6.760600954294204712e-02
5.379647265625000000e+04 1.441209983825683594e+01 5.524970591068267822e-02
5.379648046875000000e+04 1.440298938751220703e+01 5.523688718676567078e-02
5.379648437500000000e+04 1.439385414123535156e+01 5.530496686697006226e-02
5.379649218750000000e+04 1.437515354156494141e+01 5.510389804840087891e-02
5.386237890625000000e+04 1.350726222991943359e+01 5.261667072772979736e-02
5.386238671875000000e+04 1.351568889617919922e+01 5.263620615005493164e-02
5.386239453125000000e+04 1.354011440277099609e+01 5.269077420234680176e-02
5.386240234375000000e+04 1.355950355529785156e+01 5.273754149675369263e-02
5.388636328125000000e+04 1.409177970886230469e+01 5.428836494684219360e-02
5.388637109375000000e+04 1.409686279296875000e+01 5.431174859404563904e-02
5.388638281250000000e+04 1.411166286468505859e+01 5.436114966869354248e-02
5.388639062500000000e+04 1.412712764739990234e+01 5.442967265844345093e-02
5.399516015625000000e+04 1.376895427703857422e+01 5.281055718660354614e-02
5.399516796875000000e+04 1.378920078277587891e+01 5.287785828113555908e-02
5.399517968750000000e+04 1.380470561981201172e+01 5.295630171895027161e-02
5.399518750000000000e+04 1.385716629028320312e+01 5.308878421783447266e-02
5.400315625000000000e+04 1.323884487152099609e+01 5.177685245871543884e-02
5.400316406250000000e+04 1.322056198120117188e+01 5.175282433629035950e-02
5.400316796875000000e+04 1.320119476318359375e+01 5.172960832715034485e-02
5.400317578125000000e+04 1.319951343536376953e+01 5.173257738351821899e-02
5.415744921875000000e+04 1.311530971527099609e+01 5.157471820712089539e-02
5.415745703125000000e+04 1.311289024353027344e+01 5.156173557043075562e-02
5.415746875000000000e+04 1.307640266418457031e+01 5.149528756737709045e-02
5.415747656250000000e+04 1.305678176879882812e+01 5.145528540015220642e-02
5.429526171875000000e+04 1.297377204895019531e+01 5.163977667689323425e-02
5.429526562500000000e+04 1.296778488159179688e+01 5.162603035569190979e-02
5.429527343750000000e+04 1.293246936798095703e+01 5.154316127300262451e-02
5.429527734375000000e+04 1.302291488647460938e+01 5.172109603881835938e-02
5.425838671875000000e+04 1.356110954284667969e+01 5.248911678791046143e-02
5.425839453125000000e+04 1.356459522247314453e+01 5.249670147895812988e-02
5.425839843750000000e+04 1.356920623779296875e+01 5.251396074891090393e-02
5.425840625000000000e+04 1.357433795928955078e+01 5.253538489341735840e-02
5.427035937500000000e+04 1.361881256103515625e+01 5.282152816653251648e-02
5.427036718750000000e+04 1.364556312561035156e+01 5.289531871676445007e-02
5.427037500000000000e+04 1.365810298919677734e+01 5.292041599750518799e-02
5.427038281250000000e+04 1.368327140808105469e+01 5.299545451998710632e-02
5.417741796875000000e+04 1.393936538696289062e+01 5.346833541989326477e-02
5.417742578125000000e+04 1.392041301727294922e+01 5.339732393622398376e-02
5.417743750000000000e+04 1.389632320404052734e+01 5.331158638000488281e-02
5.417744531250000000e+04 1.388210010528564453e+01 5.325475335121154785e-02
5.423433593750000000e+04 1.333694267272949219e+01 5.238058045506477356e-02
5.423433984375000000e+04 1.335288524627685547e+01 5.256781727075576782e-02
5.423434375000000000e+04 1.332184791564941406e+01 5.223141238093376160e-02
5.423435156250000000e+04 1.335192489624023438e+01 5.226165801286697388e-02
5.440606250000000000e+04 1.339460563659667969e+01 5.206841230392456055e-02
5.440606640625000000e+04 1.325389480590820312e+01 5.184326693415641785e-02
5.440607031250000000e+04 1.323051452636718750e+01 5.181500315666198730e-02
5.440607421875000000e+04 1.323398017883300781e+01 5.182232335209846497e-02
5.438510546875000000e+04 1.356637477874755859e+01 5.244890972971916199e-02
5.438510937500000000e+04 1.357352256774902344e+01 5.247787013649940491e-02
5.438511328125000000e+04 1.355319976806640625e+01 5.243677645921707153e-02
5.438511718750000000e+04 1.355511093139648438e+01 5.245076119899749756e-02
5.434719921875000000e+04 1.438717269897460938e+01 5.397618189454078674e-02
5.434720703125000000e+04 1.439439105987548828e+01 5.404809862375259399e-02
5.434721484375000000e+04 1.442464447021484375e+01 5.416883900761604309e-02
5.434722265625000000e+04 1.444298458099365234e+01 5.412701517343521118e-02
5.435818359375000000e+04 1.335210990905761719e+01 5.222652107477188110e-02
5.435819140625000000e+04 1.335994720458984375e+01 5.225069448351860046e-02
5.435819531250000000e+04 1.334944057464599609e+01 5.224344134330749512e-02
5.435819921875000000e+04 1.335813331604003906e+01 5.228010937571525574e-02
5.455948828125000000e+04 1.378274536132812500e+01 5.297328531742095947e-02
5.455949218750000000e+04 1.380515193939208984e+01 5.303661897778511047e-02
5.455949609375000000e+04 1.381271362304687500e+01 5.305632203817367554e-02
5.455950000000000000e+04 1.382149410247802734e+01 5.307903513312339783e-02
5.456835546875000000e+04 1.433925437927246094e+01 5.471524223685264587e-02
5.456836328125000000e+04 1.429067707061767578e+01 5.452022328972816467e-02
5.456837500000000000e+04 1.423801040649414062e+01 5.432655289769172668e-02
5.456838281250000000e+04 1.416868782043457031e+01 5.408197641372680664e-02
5.458428515625000000e+04 1.333608722686767578e+01 5.205531790852546692e-02
5.458428906250000000e+04 1.335305213928222656e+01 5.208580568432807922e-02
5.458429687500000000e+04 1.335057258605957031e+01 5.206738784909248352e-02
5.458430468750000000e+04 1.336089706420898438e+01 5.207691341638565063e-02
5.452551171875000000e+04 1.398948192596435547e+01 5.420092120766639709e-02
5.452551953125000000e+04 1.400703716278076172e+01 5.424962937831878662e-02
5.452552343750000000e+04 1.401370143890380859e+01 5.427655950188636780e-02
5.452553125000000000e+04 1.402975654602050781e+01 5.443419143557548523e-02
5.462634765625000000e+04 1.376990509033203125e+01 5.304869264364242554e-02
5.462635156250000000e+04 1.375244712829589844e+01 5.301465094089508057e-02
5.462635937500000000e+04 1.375457191467285156e+01 5.302250757813453674e-02
5.462636718750000000e+04 1.373259544372558594e+01 5.297165736556053162e-02
5.464135937500000000e+04 1.443898582458496094e+01 5.555967986583709717e-02
5.464136328125000000e+04 1.445105171203613281e+01 5.559289827942848206e-02
5.464137109375000000e+04 1.443821907043457031e+01 5.555617064237594604e-02
5.464137500000000000e+04 1.444743347167968750e+01 5.562752857804298401e-02
5.453140234375000000e+04 1.339613342285156250e+01 5.221209302544593811e-02
5.453141015625000000e+04 1.340131187438964844e+01 5.220291763544082642e-02
5.453142187500000000e+04 1.338560581207275391e+01 5.214954167604446411e-02
5.453142968750000000e+04 1.336388111114501953e+01 5.210999399423599243e-02
5.454844140625000000e+04 1.324719810485839844e+01 5.183487385511398315e-02
5.454844921875000000e+04 1.326538944244384766e+01 5.186852440237998962e-02
5.454845703125000000e+04 1.328350543975830078e+01 5.189558491110801697e-02
5.454846093750000000e+04 1.327341461181640625e+01 5.187725275754928589e-02
5.459443359375000000e+04 1.326373100280761719e+01 5.185706913471221924e-02
5.459444140625000000e+04 1.331173801422119141e+01 5.192923173308372498e-02
5.459444921875000000e+04 1.328879737854003906e+01 5.190268158912658691e-02
5.459445703125000000e+04 1.327664375305175781e+01 5.187759920954704285e-02
5.460028125000000000e+04 1.386643123626708984e+01 5.330745875835418701e-02
5.460028515625000000e+04 1.388829898834228516e+01 5.336646735668182373e-02
5.460029296875000000e+04 1.390544509887695312e+01 5.341075360774993896e-02
5.460030078125000000e+04 1.392029285430908203e+01 5.344342812895774841e-02
5.474111718750000000e+04 1.318144130706787109e+01 5.172151327133178711e-02
5.474112109375000000e+04 1.319141483306884766e+01 5.174016579985618591e-02
5.474112500000000000e+04 1.320626068115234375e+01 5.177016556262969971e-02
5.474112890625000000e+04 1.318929576873779297e+01 5.175275355577468872e-02
5.474808203125000000e+04 1.353929901123046875e+01 5.335758998990058899e-02
5.474808984375000000e+04 1.356388378143310547e+01 5.344818904995918274e-02
5.474809765625000000e+04 1.354974460601806641e+01 5.342775210738182068e-02
5.474810546875000000e+04 1.359437465667724609e+01 5.357374623417854309e-02
5.494235156250000000e+04 1.442668342590332031e+01 5.502739921212196350e-02
5.494235546875000000e+04 1.443090534210205078e+01 5.505000427365303040e-02
5.494236328125000000e+04 1.441255474090576172e+01 5.497809872031211853e-02
5.494236718750000000e+04 1.441206455230712891e+01 5.495585873723030090e-02
5.489051953125000000e+04 1.321240043640136719e+01 5.224082618951797485e-02
5.489052343750000000e+04 1.319099235534667969e+01 5.200039595365524292e-02
5.489052734375000000e+04 1.319886302947998047e+01 5.205566436052322388e-02
5.489053125000000000e+04 1.323214244842529297e+01 5.208809301257133484e-02
5.485153906250000000e+04 1.323107624053955078e+01 5.219837650656700134e-02
5.485154296875000000e+04 1.322751235961914062e+01 5.218729004263877869e-02
5.485155078125000000e+04 1.323686504364013672e+01 5.221061408519744873e-02
5.485155468750000000e+04 1.324089813232421875e+01 5.221245810389518738e-02
5.503417578125000000e+04 1.439885997772216797e+01 5.753883719444274902e-02
5.503417968750000000e+04 1.439391994476318359e+01 5.754589289426803589e-02
5.503418359375000000e+04 1.437583827972412109e+01 5.749594420194625854e-02
5.503418750000000000e+04 1.438013172149658203e+01 5.758012831211090088e-02
5.504320312500000000e+04 1.323034381866455078e+01 5.278551578521728516e-02
5.504320703125000000e+04 1.320210361480712891e+01 5.271026864647865295e-02
5.504321484375000000e+04 1.318199253082275391e+01 5.266452953219413757e-02
5.504321875000000000e+04 1.320089530944824219e+01 5.271579697728157043e-02
5.499335546875000000e+04 1.440170288085937500e+01 5.600708350539207458e-02
5.499336328125000000e+04 1.439654922485351562e+01 5.598776787519454956e-02
5.499336718750000000e+04 1.439649677276611328e+01 5.599162727594375610e-02
5.499337109375000000e+04 1.439877891540527344e+01 5.600504204630851746e-02
5.491942578125000000e+04 1.303263092041015625e+01 5.198626965284347534e-02
5.491942968750000000e+04 1.307378292083740234e+01 5.338446050882339478e-02
5.492041796875000000e+04 1.372939872741699219e+01 5.285916849970817566e-02
5.492042578125000000e+04 1.373598003387451172e+01 5.286850780248641968e-02
5.492043359375000000e+04 1.373813629150390625e+01 5.287250131368637085e-02
5.492044531250000000e+04 1.376421260833740234e+01 5.292958766222000122e-02
5.495533203125000000e+04 1.330130672454833984e+01 5.293819680809974670e-02
5.495533593750000000e+04 1.329643917083740234e+01 5.290684849023818970e-02
5.495534375000000000e+04 1.327847290039062500e+01 5.285373330116271973e-02
5.495534765625000000e+04 1.328524398803710938e+01 5.286139622330665588e-02
5.496734375000000000e+04 1.346386528015136719e+01 5.234267935156822205e-02
5.496735156250000000e+04 1.345924472808837891e+01 5.231727659702301025e-02
5.496736328125000000e+04 1.350485897064208984e+01 5.242603644728660583e-02
5.496737109375000000e+04 1.352914237976074219e+01 5.247439444065093994e-02
5.497935546875000000e+04 1.350773239135742188e+01 5.240914225578308105e-02
5.497935937500000000e+04 1.351981258392333984e+01 5.243263766169548035e-02
5.497936718750000000e+04 1.354944515228271484e+01 5.249735713005065918e-02
5.497937500000000000e+04 1.356312847137451172e+01 5.252114310860633850e-02
5.508916796875000000e+04 1.310879993438720703e+01 5.252767726778984070e-02
5.508917578125000000e+04 1.343356513977050781e+01 5.248441547155380249e-02
5.508917968750000000e+04 1.334096717834472656e+01 5.217129364609718323e-02
5.509516796875000000e+04 1.400405216217041016e+01 5.479384586215019226e-02
5.509517187500000000e+04 1.402276706695556641e+01 5.489458516240119934e-02
5.509517968750000000e+04 1.402266407012939453e+01 5.491701886057853699e-02
5.509518359375000000e+04 1.404747772216796875e+01 5.504535883665084839e-02
5.510212890625000000e+04 1.443529510498046875e+01 5.537989363074302673e-02
5.510213281250000000e+04 1.444915103912353516e+01 5.546009540557861328e-02
5.510214062500000000e+04 1.445357894897460938e+01 5.547828972339630127e-02
5.510214453125000000e+04 1.445155143737792969e+01 5.547052994370460510e-02
5.529937500000000000e+04 1.445177268981933594e+01 5.517932027578353882e-02
5.529937890625000000e+04 1.443188858032226562e+01 5.510608106851577759e-02
5.529938671875000000e+04 1.442884445190429688e+01 5.508455634117126465e-02
5.529939453125000000e+04 1.441399765014648438e+01 5.503030121326446533e-02
5.535038281250000000e+04 1.443972587585449219e+01 5.584539100527763367e-02
5.535039062500000000e+04 1.441438484191894531e+01 5.570114031434059143e-02
5.535039453125000000e+04 1.442429828643798828e+01 5.595199018716812134e-02
5.535040234375000000e+04 1.440629005432128906e+01 5.763801559805870056e-02
5.536338671875000000e+04 1.306560897827148438e+01 5.158939585089683533e-02
5.536339062500000000e+04 1.306888771057128906e+01 5.159318447113037109e-02
5.536339843750000000e+04 1.311009883880615234e+01 5.166932195425033569e-02
5.536340234375000000e+04 1.311192893981933594e+01 5.167169123888015747e-02
5.536829687500000000e+04 1.308966445922851562e+01 5.161122232675552368e-02
5.536830468750000000e+04 1.308734798431396484e+01 5.160820111632347107e-02
5.536831250000000000e+04 1.308251953125000000e+01 5.160731449723243713e-02
5.536832031250000000e+04 1.309008312225341797e+01 5.162342637777328491e-02
5.527345703125000000e+04 1.352235603332519531e+01 5.239686742424964905e-02
5.527346093750000000e+04 1.352372741699218750e+01 5.239544063806533813e-02
5.527346875000000000e+04 1.356619167327880859e+01 5.249783396720886230e-02
5.527347265625000000e+04 1.356257438659667969e+01 5.247574672102928162e-02
5.528040625000000000e+04 1.402180099487304688e+01 5.379985645413398743e-02
5.528041015625000000e+04 1.402873134613037109e+01 5.380883440375328064e-02
5.528041796875000000e+04 1.405434703826904297e+01 5.386534333229064941e-02
5.528042578125000000e+04 1.406374740600585938e+01 5.390265583992004395e-02
5.533038671875000000e+04 1.339612483978271484e+01 5.216134712100028992e-02
5.533039062500000000e+04 1.339468097686767578e+01 5.215977504849433899e-02
5.533039843750000000e+04 1.337516975402832031e+01 5.212024226784706116e-02
5.533040234375000000e+04 1.335265636444091797e+01 5.207493901252746582e-02
5.534032421875000000e+04 1.380846500396728516e+01 5.308741331100463867e-02
5.534032812500000000e+04 1.380049324035644531e+01 5.307332798838615417e-02
5.534033203125000000e+04 1.377610874176025391e+01 5.300417169928550720e-02
5.534033984375000000e+04 1.374635410308837891e+01 5.292524024844169617e-02
5.550207812500000000e+04 1.365997791290283203e+01 5.289217457175254822e-02
5.550208203125000000e+04 1.363816642761230469e+01 5.285923182964324951e-02
5.550208593750000000e+04 1.364052963256835938e+01 5.286732688546180725e-02
5.547810156250000000e+04 1.388124465942382812e+01 5.339360609650611877e-02
5.547810937500000000e+04 1.387206554412841797e+01 5.339413136243820190e-02
5.547811328125000000e+04 1.385538864135742188e+01 5.334622040390968323e-02
5.545014453125000000e+04 1.332001209259033203e+01 5.190963298082351685e-02
5.545015625000000000e+04 1.332373046875000000e+01 5.192672088742256165e-02
5.545016015625000000e+04 1.334478473663330078e+01 5.197070166468620300e-02
5.567742578125000000e+04 1.316258144378662109e+01 5.185408890247344971e-02
5.567743750000000000e+04 1.317456722259521484e+01 5.191564187407493591e-02
5.567744531250000000e+04 1.317228412628173828e+01 5.188301950693130493e-02
5.567745312500000000e+04 1.315480422973632812e+01 5.188288912177085876e-02
5.571433984375000000e+04 1.422933006286621094e+01 5.593885481357574463e-02
5.571434765625000000e+04 1.415156269073486328e+01 5.474397540092468262e-02
5.571436328125000000e+04 1.409641075134277344e+01 5.447894707322120667e-02
5.571437109375000000e+04 1.411788082122802734e+01 5.442693457007408142e-02
5.572136328125000000e+04 1.351542377471923828e+01 5.255913734436035156e-02
5.572137109375000000e+04 1.351337623596191406e+01 5.255827307701110840e-02
5.572138281250000000e+04 1.350404739379882812e+01 5.254423618316650391e-02
5.572139062500000000e+04 1.349359893798828125e+01 5.252987518906593323e-02
5.564842187500000000e+04 1.341190624237060547e+01 5.230956524610519409e-02
5.564843359375000000e+04 1.342247390747070312e+01 5.232727900147438049e-02
5.564844140625000000e+04 1.343124389648437500e+01 5.234150588512420654e-02
5.564844921875000000e+04 1.342611312866210938e+01 5.232558399438858032e-02
5.568939843750000000e+04 1.317779541015625000e+01 5.185546725988388062e-02
5.568940625000000000e+04 1.316268062591552734e+01 5.182777717709541321e-02
5.568941406250000000e+04 1.316721153259277344e+01 5.184073373675346375e-02
5.568941796875000000e+04 1.315956974029541016e+01 5.183769762516021729e-02
5.582212109375000000e+04 1.334465408325195312e+01 5.195572972297668457e-02
5.582212890625000000e+04 1.333897399902343750e+01 5.196481198072433472e-02
5.582213671875000000e+04 1.332059860229492188e+01 5.194569006562232971e-02
5.582214453125000000e+04 1.329473400115966797e+01 5.189977586269378662e-02
5.586407812500000000e+04 1.373473834991455078e+01 5.300647765398025513e-02
5.586408593750000000e+04 1.374722671508789062e+01 5.304814502596855164e-02
5.586408984375000000e+04 1.375500011444091797e+01 5.307651683688163757e-02
5.586409375000000000e+04 1.376346492767333984e+01 5.311186984181404114e-02
5.585308593750000000e+04 1.323350811004638672e+01 5.176355689764022827e-02
5.585308984375000000e+04 1.323246955871582031e+01 5.176435038447380066e-02
5.585309375000000000e+04 1.326159763336181641e+01 5.182557553052902222e-02
5.585310156250000000e+04 1.327405166625976562e+01 5.185092985630035400e-02
5.600842968750000000e+04 1.431920433044433594e+01 5.473725125193595886e-02
5.600843750000000000e+04 1.429773139953613281e+01 5.464770272374153137e-02
5.600844531250000000e+04 1.428050231933593750e+01 5.460597574710845947e-02
5.600845312500000000e+04 1.424876213073730469e+01 5.476344376802444458e-02
5.601937890625000000e+04 1.341948032379150391e+01 5.146117880940437317e-02
5.601939062500000000e+04 1.339918041229248047e+01 5.141681805253028870e-02
5.601940234375000000e+04 1.336403846740722656e+01 5.136070027947425842e-02
5.601941406250000000e+04 1.338638591766357422e+01 5.139017477631568909e-02
5.604143359375000000e+04 1.312723445892333984e+01 5.171430483460426331e-02
5.604144140625000000e+04 1.312843894958496094e+01 5.171472951769828796e-02
5.604144531250000000e+04 1.310703468322753906e+01 5.166961997747421265e-02
5.604144921875000000e+04 1.309181880950927734e+01 5.164342001080513000e-02
5.604730468750000000e+04 1.431120967864990234e+01 5.497459694743156433e-02
5.604730859375000000e+04 1.431998825073242188e+01 5.500700324773788452e-02
5.604731640625000000e+04 1.432015323638916016e+01 5.497816205024719238e-02
5.604732031250000000e+04 1.432448291778564453e+01 5.498721823096275330e-02
5.606340625000000000e+04 1.332051944732666016e+01 5.196009203791618347e-02
5.606341406250000000e+04 1.332376480102539062e+01 5.196561291813850403e-02
5.606341796875000000e+04 1.333095932006835938e+01 5.197833478450775146e-02
5.606342578125000000e+04 1.332433605194091797e+01 5.196889489889144897e-02
5.607039453125000000e+04 1.316585731506347656e+01 5.114729702472686768e-02
5.607040234375000000e+04 1.314324855804443359e+01 5.111901834607124329e-02
5.607041015625000000e+04 1.313175868988037109e+01 5.110542848706245422e-02
5.607041796875000000e+04 1.311830234527587891e+01 5.108401924371719360e-02
5.607731250000000000e+04 1.314070415496826172e+01 5.202696472406387329e-02
5.607732031250000000e+04 1.314209842681884766e+01 5.203729122877120972e-02
5.607732421875000000e+04 1.314585685729980469e+01 5.203622579574584961e-02
5.607733203125000000e+04 1.314559078216552734e+01 5.204473063349723816e-02
5.608837890625000000e+04 1.380345153808593750e+01 5.301851034164428711e-02
5.608838281250000000e+04 1.375643825531005859e+01 5.289780348539352417e-02
5.608839062500000000e+04 1.375160598754882812e+01 5.289445072412490845e-02
5.608839453125000000e+04 1.372864055633544922e+01 5.283739790320396423e-02
5.609928515625000000e+04 1.314801692962646484e+01 5.174733698368072510e-02
5.609929296875000000e+04 1.314343357086181641e+01 5.174834281206130981e-02
5.609930078125000000e+04 1.313559532165527344e+01 5.173165351152420044e-02
5.609930468750000000e+04 1.313319873809814453e+01 5.171481519937515259e-02
5.618719921875000000e+04 1.351511859893798828e+01 5.192654207348823547e-02
5.618720312500000000e+04 1.348391628265380859e+01 5.187170952558517456e-02
5.618720703125000000e+04 1.346920108795166016e+01 5.184853076934814453e-02
5.618721484375000000e+04 1.348609733581542969e+01 5.188583210110664368e-02
5.619313281250000000e+04 1.340396118164062500e+01 5.195683240890502930e-02
5.619313281250000000e+04 1.342413234710693359e+01 5.202007666230201721e-02
5.619313671875000000e+04 1.342306041717529297e+01 5.216783657670021057e-02
5.619314062500000000e+04 1.343412971496582031e+01 5.221845954656600952e-02
5.621112109375000000e+04 1.348451519012451172e+01 5.258008465170860291e-02
5.621112890625000000e+04 1.349087333679199219e+01 5.260606855154037476e-02
5.621113671875000000e+04 1.349693202972412109e+01 5.263270810246467590e-02
5.621114453125000000e+04 1.348433494567871094e+01 5.261144042015075684e-02
5.622207421875000000e+04 1.351152324676513672e+01 5.256343632936477661e-02
5.622207812500000000e+04 1.352040481567382812e+01 5.259418115019798279e-02
5.622208593750000000e+04 1.352133464813232422e+01 5.259400978684425354e-02
5.622208984375000000e+04 1.351679515838623047e+01 5.259793251752853394e-02
5.637549609375000000e+04 1.437331676483154297e+01 5.514150112867355347e-02
5.637550000000000000e+04 1.438826179504394531e+01 5.519282072782516479e-02
5.637550781250000000e+04 1.440666675567626953e+01 5.526883527636528015e-02
5.637551562500000000e+04 1.442361927032470703e+01 5.532229319214820862e-02
5.639637500000000000e+04 1.332102489471435547e+01 5.209200829267501831e-02
5.639637890625000000e+04 1.332394504547119141e+01 5.217424407601356506e-02
5.639638281250000000e+04 1.329289913177490234e+01 5.207552388310432434e-02
5.639638671875000000e+04 1.328287982940673828e+01 5.208538100123405457e-02
5.641743750000000000e+04 1.307950210571289062e+01 5.181669071316719055e-02
5.641744531250000000e+04 1.309297752380371094e+01 5.174135416746139526e-02
5.641744921875000000e+04 1.311644744873046875e+01 5.188272893428802490e-02
5.641745703125000000e+04 1.312376022338867188e+01 5.193383246660232544e-02
5.643043359375000000e+04 1.323877620697021484e+01 5.208756402134895325e-02
5.643043750000000000e+04 1.323259162902832031e+01 5.206394195556640625e-02
5.643044140625000000e+04 1.322797107696533203e+01 5.206817761063575745e-02
5.643044140625000000e+04 1.320950794219970703e+01 5.204156413674354553e-02
5.644341406250000000e+04 1.389776611328125000e+01 5.375218391418457031e-02
5.644341796875000000e+04 1.391952514648437500e+01 5.384416505694389343e-02
5.644342578125000000e+04 1.394852733612060547e+01 5.396880209445953369e-02
5.644342968750000000e+04 1.396237468719482422e+01 5.405160039663314819e-02
5.645133203125000000e+04 1.309615802764892578e+01 5.187585949897766113e-02
5.645133984375000000e+04 1.310527610778808594e+01 5.189409106969833374e-02
5.645134765625000000e+04 1.310260868072509766e+01 5.188807845115661621e-02
5.645135156250000000e+04 1.309000015258789062e+01 5.187470465898513794e-02
5.646132421875000000e+04 1.307437992095947266e+01 5.170404911041259766e-02
5.646133203125000000e+04 1.305691814422607422e+01 5.168054625391960144e-02
5.646133593750000000e+04 1.308286476135253906e+01 5.172488838434219360e-02
5.646133984375000000e+04 1.308355998992919922e+01 5.172954127192497253e-02
5.647037890625000000e+04 1.363437080383300781e+01 5.319439247250556946e-02
5.647038671875000000e+04 1.365192222595214844e+01 5.331026017665863037e-02
5.647039453125000000e+04 1.368822860717773438e+01 5.350279435515403748e-02
5.647040234375000000e+04 1.367998981475830078e+01 5.352265760302543640e-02
5.657412500000000000e+04 1.364267158508300781e+01 5.279848724603652954e-02
5.657412890625000000e+04 1.365493011474609375e+01 5.284221097826957703e-02
5.657413671875000000e+04 1.367540168762207031e+01 5.290823057293891907e-02
5.657414062500000000e+04 1.367567539215087891e+01 5.292138457298278809e-02
5.658008593750000000e+04 1.343513488769531250e+01 5.229744315147399902e-02
5.658008984375000000e+04 1.344559383392333984e+01 5.232582241296768188e-02
5.658009765625000000e+04 1.342858028411865234e+01 5.229878798127174377e-02
5.658010546875000000e+04 1.340598487854003906e+01 5.225177481770515442e-02
5.658808203125000000e+04 1.445192813873291016e+01 5.430378019809722900e-02
5.658808984375000000e+04 1.445324802398681641e+01 5.433819815516471863e-02
5.658809765625000000e+04 1.443641185760498047e+01 5.427363887429237366e-02
5.658810156250000000e+04 1.444801139831542969e+01 5.435668304562568665e-02
